4.640904256932876137e+02 1.539639623664406827e+02 7.486544799804687500e+01
4.658517248265883950e+02 1.694714027315027352e+02 7.336701965332031250e+01
4.681493270874023551e+02 1.846397082519530954e+02 7.221013641357421875e+01
4.716045502606560262e+02 1.989998465504365583e+02 7.236132049560546875e+01
4.780032781264361574e+02 2.149070799345128648e+02 7.479481506347656250e+01
4.897728004006778519e+02 2.291210598575367499e+02 8.110197448730468750e+01
5.051127184699563486e+02 2.393624524643841482e+02 9.065365600585937500e+01
5.234245754466337530e+02 2.477733260569852973e+02 9.866113281250000000e+01
5.426870127958410421e+02 2.510741658289292104e+02 9.522606658935546875e+01
5.566108017865349211e+02 2.453252734374999591e+02 8.507048797607421875e+01
5.626899083754595949e+02 2.353629195628446382e+02 6.712496185302734375e+01
5.652090479233686438e+02 2.243433326631433715e+02 4.995930099487304688e+01
5.676654146082261150e+02 2.108336330997242385e+02 3.697645950317382812e+01
5.688374974867876972e+02 1.951609743365119130e+02 3.132231140136718750e+01
5.706221277573530415e+02 1.811404272101906940e+02 2.990873718261718750e+01
5.713228576660156932e+02 1.663997395593979434e+02 2.887389564514160156e+01
5.723081578871783677e+02 1.513893511962890273e+02 2.946705436706542969e+01
4.950280521168429004e+02 1.430107377355238611e+02 1.177325744628906250e+02
5.051532648423139449e+02 1.388913632022633067e+02 1.249878234863281250e+02
5.162283289292280415e+02 1.370142653880399450e+02 1.277951431274414062e+02
5.254411035874311438e+02 1.378369516170725717e+02 1.285254669189453125e+02
5.327868808521944857e+02 1.397843572639016259e+02 1.271784973144531250e+02
5.607078329647289365e+02 1.391742028090532699e+02 1.152692413330078125e+02
5.662848122989430522e+02 1.370805497472426282e+02 1.115242080688476562e+02
5.723973309685202366e+02 1.355813857493680814e+02 1.047972335815429688e+02
5.782962772144991277e+02 1.371495331169576843e+02 9.424924468994140625e+01
5.801524062212776016e+02 1.408087625301585035e+02 8.204071807861328125e+01
5.483375499052160649e+02 1.543615182674632251e+02 1.216898269653320312e+02
5.512317239200367567e+02 1.644725681439567779e+02 1.263493881225585938e+02
5.543477399040671116e+02 1.740787249755859136e+02 1.311435546875000000e+02
5.556697430778953049e+02 1.825494665168313304e+02 1.319440612792968750e+02
5.367816000545726638e+02 1.894635467888327014e+02 1.194047698974609375e+02
5.429063727883732327e+02 1.904100035184972057e+02 1.205414276123046875e+02
5.494022511201746966e+02 1.920395714613970313e+02 1.193693008422851562e+02
5.530587703929228383e+02 1.902326479204963050e+02 1.163326263427734375e+02
5.561739071116728610e+02 1.886126294663372960e+02 1.111901702880859375e+02
5.070060270421645896e+02 1.550496323888442021e+02 1.179969863891601562e+02
5.145528165929458737e+02 1.513621663172104377e+02 1.216413192749023438e+02
5.214055486342487029e+02 1.511794516529756152e+02 1.200230407714843750e+02
5.269547532025505916e+02 1.546293825396369357e+02 1.146619110107421875e+02
5.216566233915441444e+02 1.569981065099379407e+02 1.178479232788085938e+02
5.141299066880170585e+02 1.572252852855008882e+02 1.196402587890625000e+02
5.564753949333639866e+02 1.539976916503906068e+02 1.026521148681640625e+02
5.634176729090074787e+02 1.505304370117187318e+02 1.019755096435546875e+02
5.699102233886719659e+02 1.499483578311695453e+02 9.861974334716796875e+01
5.731276776482077366e+02 1.529320221306295764e+02 9.086077880859375000e+01
5.691565260943244766e+02 1.553617159136603618e+02 9.650141143798828125e+01
5.624083765366498255e+02 1.559578132539636499e+02 1.006803283691406250e+02
5.186733597699334268e+02 2.088873404469209163e+02 1.097462768554687500e+02
5.311154142491958510e+02 2.044562552418428254e+02 1.172124938964843750e+02
5.439505837833180522e+02 2.018178695140165360e+02 1.185307998657226562e+02
5.494468821806066217e+02 2.027548657944622903e+02 1.163246688842773438e+02
5.527426466997932266e+02 2.016792906278722057e+02 1.149107360839843750e+02
5.594642847397748255e+02 2.028533880256203759e+02 1.048260955810546875e+02
5.620509051154641611e+02 2.068946248133042047e+02 9.190029144287109375e+01
5.575859626321232554e+02 2.147525518439797452e+02 1.021170043945312500e+02
5.535533960678998255e+02 2.179812696030560346e+02 1.072802581787109375e+02
5.482908709357766384e+02 2.187570375689338107e+02 1.110325393676757812e+02
5.393909700281479900e+02 2.188104167624080674e+02 1.142627563476562500e+02
5.316426896039178018e+02 2.161446068617876790e+02 1.131677932739257812e+02
5.206030075970818416e+02 2.084018858427159557e+02 1.092436904907226562e+02
5.395860667509191444e+02 2.069233845789291877e+02 1.144288101196289062e+02
5.481155521168428777e+02 2.063179603486902352e+02 1.130589370727539062e+02
5.529565752814797861e+02 2.061267702349494186e+02 1.089561233520507812e+02
5.611953466078814472e+02 2.071657167681525493e+02 9.283642578125000000e+01
5.524674366670496966e+02 2.102862515079273749e+02 1.076724090576171875e+02
5.474500373391545054e+02 2.111940094353170707e+02 1.111071853637695312e+02
5.394495023839614305e+02 2.114313665412453815e+02 1.131988601684570312e+02
